10.328 12.305
10.428 12.106
10.528 11.907
10.628 11.708
10.728 11.510
10.828 11.311
10.928 11.113
11.028 10.915
11.128 10.718
11.228 10.520
11.328 10.323
11.428 10.126
11.528 9.929
11.628 9.732
11.728 9.536
11.828 9.339
11.928 9.143
12.028 8.947
12.128 8.752
12.228 8.556
12.328 8.361
12.428 8.166
12.528 7.971
12.628 7.776
12.728 7.582
12.828 7.387
12.928 7.193
13.028 6.999
13.128 6.806
13.228 6.612
13.328 6.419
13.428 6.226
13.528 6.033
13.628 5.840
13.728 5.648
13.828 5.456
13.928 5.263
14.028 5.072
14.128 4.880
14.228 4.688
